1 2.389e-06
2001 0.000327442
4001 0.00063959
6001 0.000970469
8001 0.00126347
10001 0.00156948
12001 0.00188697
14001 0.00218141
16001 0.00250542
18001 0.0027968
20001 0.00303006
22001 0.00331635
24001 0.00370285
26001 0.00405301
28001 0.00436343
30001 0.00460514
32001 0.00483745
34001 0.0052589
36001 0.00560787
38001 0.00586641
40001 0.0060618
42001 0.00636736
44001 0.00666706
46001 0.00696571
48001 0.00726034
50001 0.00756832
52001 0.00787119
54001 0.00824519
56001 0.00852454
58001 0.00885116
60001 0.00905762
62001 0.00931996
64001 0.00976587
66001 0.00991761
68001 0.0101519
70001 0.0103767
72001 0.0106435
74001 0.0108976
76001 0.0111783
78001 0.0114258
80001 0.011695
82001 0.011962
84001 0.0122245
86001 0.0125029
88001 0.0127451
90001 0.0130165
92001 0.013259
94001 0.0135358
96001 0.0137925
98001 0.0141571
100001 0.014757
102001 0.0145847
104001 0.014855
106001 0.0151078
108001 0.0154123
110001 0.0156355
112001 0.0159011
114001 0.0161786
116001 0.0164158
118001 0.0166929
120001 0.0169322
122001 0.017209
124001 0.0175596
126001 0.0178102
128001 0.0180915
130001 0.0184851
