1 1.094e-06
2001 0.000203573
4001 0.00041682
6001 0.000664463
8001 0.000874305
10001 0.000820302
12001 0.000919843
14001 0.00106771
16001 0.00121815
18001 0.0013721
20001 0.00150421
22001 0.00167926
24001 0.00184132
26001 0.00197239
28001 0.00213076
30001 0.00224306
32001 0.00240044
34001 0.00254335
36001 0.00268178
38001 0.00284724
40001 0.00299186
42001 0.00314976
44001 0.0032787
46001 0.00344845
48001 0.003616
50001 0.00373274
52001 0.00388697
54001 0.00403326
56001 0.00417883
58001 0.00433449
60001 0.00447236
62001 0.00461383
64001 0.00473403
66001 0.00486779
68001 0.00499696
70001 0.00513995
72001 0.00528242
74001 0.00538895
76001 0.00552495
78001 0.00565247
80001 0.00577316
82001 0.00592119
84001 0.00604068
86001 0.00617282
88001 0.00631593
90001 0.00643143
92001 0.00657543
94001 0.00669773
96001 0.00682584
98001 0.00696389
100001 0.0070909
102001 0.00722685
104001 0.00735023
106001 0.00753033
108001 0.00762052
110001 0.00772952
112001 0.00799738
114001 0.0080318
116001 0.00815709
118001 0.00828576
120001 0.00842055
122001 0.00868235
124001 0.00879558
126001 0.00884489
128001 0.00900449
130001 0.00929659
